1 0.29 1.41 5.69
10 0.30 1.62 5.79
100 0.36 1.74 6.80
1000 1.08 4.02 14.91
10000 23.51 7.81 83.30
2000 1.80 2.78 15.53
50 0.34 1.50 6.14
500 0.61 2.19 8.82
5000 6.33 4.35 34.11
1 0.36 1.91 6.75
10 0.32 1.57 6.12
100 0.33 1.63 6.35
1000 1.03 2.14 10.83
10000 23.51 7.73 82.72
2000 1.89 3.00 16.33
50 0.31 1.44 5.90
500 0.55 1.78 8.15
5000 6.51 4.63 35.65
1 0.31 1.91 6.89
10 0.37 1.62 6.45
100 0.38 1.76 6.75
1000 1.52 2.11 12.14
10000 22.06 7.80 79.06
2000 1.80 2.74 15.23
50 0.33 1.52 5.92
500 0.57 1.80 8.20
5000 6.57 4.67 36.82
1 0.32 1.52 6.26
10 0.30 2.35 6.59
100 0.36 1.81 6.89
1000 1.31 2.84 13.41
10000 23.68 8.13 83.49
2000 2.88 3.37 20.51
50 0.32 1.60 6.42
500 0.71 1.78 8.44
5000 6.43 4.39 33.62
1 0.29 1.46 5.65
10 0.30 1.47 5.75
100 0.34 1.46 6.14
1000 0.95 2.19 11.16
10000 21.78 8.94 82.43
2000 1.92 2.84 15.96
50 0.32 1.47 5.86
500 0.54 1.81 8.03
5000 6.93 4.53 35.51
3000 2.79 3.25 21.18
8000 13.66 6.26 56.65
3000 2.82 3.28 20.32
8000 13.91 6.17 57.25
3000 2.88 3.47 21.03
8000 14.08 8.98 61.03
3000 2.82 3.29 20.40
8000 13.29 6.07 55.76
3000 3.24 3.85 23.15
8000 13.55 7.34 59.51
20000 76.02 15.99 226.41
20000 78.39 15.87 214.38
20000 73.56 20.73 227.34
20000 77.44 16.23 223.23
20000 75.18 17.69 210.12
