1 0.30 2.72 7.74
10 0.30 2.70 7.62
50 0.29 2.69 7.83
100 0.34 3.13 8.97
1000 0.69 3.84 13.91
1 0.29 2.90 8.03
10 0.27 2.72 7.72
50 0.30 2.70 7.94
100 0.30 2.76 8.13
1000 0.62 3.26 11.74
1 0.33 7.84 14.12
10 0.82 4.89 16.27
50 0.82 4.68 15.12
100 0.43 2.80 9.20
1000 0.64 3.46 11.99
1 0.30 2.94 8.02
10 0.30 2.83 7.84
50 0.29 2.87 8.01
100 0.33 3.00 9.07
1000 0.67 7.39 20.08
1 0.30 2.97 8.35
10 0.29 2.92 8.09
50 0.31 2.98 8.29
100 0.31 2.82 8.45
1000 0.65 3.35 12.06
2000 1.28 3.87 16.57
5000 4.35 5.79 32.89
2000 1.24 3.80 16.27
5000 4.46 5.70 33.04
2000 1.23 3.88 16.49
5000 4.38 6.15 34.90
2000 1.23 3.82 16.52
5000 4.37 5.84 33.11
2000 1.25 3.77 16.13
5000 4.44 6.00 34.00
